477.663 580.717 772.603 799.036 600.758 538.117 507.711 491.588 483.867 476.504 472.954 476.897 482.703 489.67 496.186 505.49 509.157 351.84 2.2128 0.527411 
141.18 161.661 200.922 202.628 156.106 140.75 133.027 129.064 126.553 124.184 122.577 122.527 122.372 122.751 122.014 121.584 118.806 79.7825 0.541499 0.141314 
43.2526 47.0944 55.2016 54.4565 42.9414 38.9437 36.8473 35.7628 34.9017 34.0925 33.4231 33.0939 32.5901 32.2847 31.4725 30.6544 29.0633 18.9565 0.140943 0.0397951 
13.7396 14.3504 16.0156 15.5109 12.4951 11.3883 10.7777 10.4473 10.1385 9.85026 9.58202 9.39252 9.11766 8.91072 8.52075 8.11082 7.46734 4.73183 0.039012 0.0117753 
4.52656 4.57056 4.89986 4.67585 3.83881 3.513 3.32224 3.21164 3.09663 2.99054 2.8846 2.79794 2.67764 2.57964 2.42074 2.25253 2.01644 1.24242 0.0114554 0.00365482 
1.54697 1.52022 1.57765 1.48848 1.24219 1.1404 1.07663 1.03676 0.992497 0.952298 0.91044 0.873537 0.824475 0.782566 0.721048 0.656206 0.572048 0.343109 0.00355495 0.00118655 
0.548506 0.52756 0.533438 0.499045 0.422284 0.388608 0.365925 0.35071 0.333167 0.317503 0.300794 0.285399 0.265811 0.248485 0.224908 0.200298 0.170296 0.0995416 0.00116093 0.000401586 
0.201787 0.190842 0.189017 0.175762 0.150453 0.138686 0.130157 0.124082 0.11694 0.110661 0.103876 0.0974444 0.0896114 0.082487 0.0733681 0.0639703 0.0531147 0.0302806 0.000397325 0.000141202 
0.0770196 0.0718985 0.0700551 0.0648713 0.0560596 0.0517268 0.0483585 0.0458398 0.042857 0.0402651 0.0374502 0.0347292 0.0315524 0.0285969 0.0250005 0.0213475 0.0173277 0.00963784 0.000141996 5.14141e-05 
0.0304938 0.0281839 0.0271112 0.0250371 0.0218034 0.0201261 0.018737 0.0176571 0.0163799 0.0152776 0.0140805 0.0129078 0.0115913 0.0103443 0.00888963 0.0074345 0.00590375 0.00320304 5.28275e-05 1.93321e-05 
0.012518 0.0114834 0.0109377 0.0100844 0.00883607 0.00815482 0.00755946 0.00708182 0.00652127 0.0060382 0.00551533 0.00499881 0.00443864 0.00390098 0.00329572 0.00269939 0.00209814 0.0011096 2.04064e-05 7.48842e-06 
0.00532432 0.0048574 0.0045926 0.00423055 0.00372475 0.00343514 0.00317093 0.00295332 0.00270117 0.00248309 0.00224836 0.00201539 0.00177005 0.00153249 0.00127301 0.00102105 0.00077706 0.00040017 8.16585e-06 2.98215e-06 
0.00234398 0.00213007 0.00200349 0.00184483 0.00163022 0.00150168 0.00138063 0.00127865 0.0011624 0.00106106 0.000952752 0.000845064 0.000734314 0.000626593 0.000511928 0.000402076 0.000299696 0.000150114 3.37795e-06 1.21882e-06 
0.00106666 0.000966777 0.000906312 0.000834457 0.000739347 0.00067995 0.000622838 0.000573746 0.000518814 0.000470409 0.000419069 0.000368042 0.000316511 0.000266355 0.000214141 0.000164718 0.000120294 5.85415e-05 1.44161e-06 5.1046e-07 
0.000500926 0.000453302 0.000424237 0.000390618 0.000346722 0.000318234 0.000290536 0.000266295 0.000239701 0.000215971 0.000190997 0.000166218 0.000141523 0.000117547 9.30681e-05 7.014e-05 5.02163e-05 2.37243e-05 6.33475e-07 2.18775e-07 
0.000242316 0.000219122 0.000205016 0.000188784 0.000167748 0.000153612 0.00013983 0.000127571 0.000114386 0.000102466 9.00171e-05 7.76918e-05 6.55204e-05 5.37632e-05 4.1962e-05 3.10077e-05 2.17805e-05 9.98627e-06 2.86054e-07 9.58309e-08 
